#1 54.519
2 55.632
3 57.248
4 55.220
5 52.781
6 62.071
7 60.601
8 50.846
9 44.494
10 59.061
11 62.029
12 55.006
13 53.895
14 45.218
15 54.584
16 60.561
17 59.898
18 61.994
19 55.016
20 50.970
21 63.335
22 52.591
23 54.646
24 59.754
25 66.891
26 54.817
27 59.717
28 59.655
29 54.735
30 56.649
31 59.821
32 58.811
33 61.811
34 56.233
35 56.882
36 56.882
37 53.747
38 46.938
39 61.715
40 52.773
41 45.327
42 62.063
43 57.745
44 60.288
45 56.960
46 51.799
47 56.375
48 55.102
49 60.386
50 56.350
51 62.230
52 57.334
53 61.379
54 57.945
55 61.342
#56 58.152
