1 1 M X C 54.519 29.320 999.999 999.999 4.189 999.99
2 2 Q X C 55.632 30.865 174.318 8.347 5.109 123.775
3 3 Y X C 57.248 43.823 174.694 9.039 5.421 124.706
4 4 K X C 55.220 36.213 172.776 9.068 5.278 123.099
5 5 L X C 52.781 42.783 174.600 8.598 5.029 127.069
6 6 V X C 62.071 32.881 174.369 9.132 4.225 127.663
7 7 I X C 60.601 39.205 175.006 8.744 4.153 126.065
8 8 N X C 50.846 38.291 175.510 8.954 5.343 129.644
9 9 G X C 44.494 999.999 173.580 7.898 999.999 110.900
10 10 K X C 59.061 33.107 178.912 9.487 4.125 121.277
11 11 T X C 62.029 69.960 173.699 8.748 4.422 109.420
12 12 L X C 55.006 43.517 173.382 7.552 4.498 126.308
13 13 K X C 53.895 34.972 176.374 8.099 5.183 124.240
14 14 G X C 45.218 999.999 171.135 8.288 999.999 109.859
15 15 E X C 54.584 33.979 175.403 8.376 5.663 118.752
16 16 T X C 60.561 69.649 172.088 8.787 4.795 116.176
17 17 T X C 59.898 73.324 173.837 8.096 5.848 112.271
18 18 T X C 61.994 70.215 171.114 8.895 4.702 115.657
19 19 K X C 55.016 33.982 175.861 7.917 5.390 124.884
20 20 A X C 50.970 23.994 177.373 9.083 4.842 125.295
21 21 V X C 63.335 32.351 174.903 8.456 4.170 115.840
22 22 D X C 52.591 42.342 174.746 7.290 4.775 115.875
23 23 A X C 54.646 17.649 179.333 8.310 3.403 121.679
24 24 E X C 59.754 29.301 179.235 8.398 3.921 119.618
25 25 T X C 66.891 68.130 176.973 8.323 3.736 117.979
26 26 A X C 54.817 17.438 176.999 7.212 3.252 125.857
27 27 E X C 59.717 29.331 177.664 8.332 2.652 117.979
28 28 K X C 59.655 32.394 179.538 7.139 3.731 116.912
29 29 A X C 54.735 17.637 181.605 7.178 4.156 122.752
30 30 F X C 56.649 37.601 178.311 8.571 4.845 120.345
31 31 K X C 59.821 31.789 179.439 8.993 4.156 123.473
32 32 Q X C 58.811 28.306 177.039 7.464 4.088 120.192
33 33 Y X C 61.811 38.842 178.917 8.038 4.309 120.986
34 34 A X C 56.233 17.879 179.337 9.174 3.843 123.054
35 35 N X C 56.882 39.135 179.291 8.346 4.521 118.487
36 36 D X C 56.882 40.196 177.046 8.800 4.421 121.796
37 37 N X C 53.747 40.196 173.958 7.347 4.673 115.869
38 38 G X C 46.938 999.999 174.142 7.755 999.999 108.737
39 39 V X C 61.715 33.474 174.237 8.086 4.202 121.317
40 40 D X C 52.773 43.289 174.307 8.728 4.950 128.716
41 41 G X C 45.327 999.999 171.933 7.886 999.999 107.871
42 42 V X C 62.063 33.597 176.889 8.211 4.436 120.920
43 43 W X C 57.745 30.348 176.927 9.314 5.419 131.700
44 44 T X C 60.288 72.320 172.767 9.367 4.888 115.157
45 45 Y X C 56.960 41.749 173.193 8.545 5.031 120.648
46 46 D X C 51.799 43.296 174.450 7.540 4.640 128.879
47 47 D X C 56.375 42.266 178.094 8.558 4.169 125.489
48 48 A X C 55.102 18.459 179.887 8.307 4.153 120.413
49 49 T X C 60.386 70.193 175.205 6.966 4.451 103.721
50 50 K X C 56.350 28.774 175.020 7.825 4.251 123.640
51 51 T X C 62.230 72.276 174.959 7.366 5.547 111.724
52 52 F X C 57.334 42.793 174.335 10.356 5.691 131.802
53 53 T X C 61.379 71.221 172.433 9.135 5.332 118.152
54 54 V X C 57.945 32.449 173.045 8.226 4.522 123.691
55 55 T X C 61.342 70.915 174.197 8.307 4.763 124.680
56 56 E X C 58.152 32.947 999.999 7.859 4.350 134.228
