#1 0
2 123.775
3 124.706
4 123.099
5 127.069
6 127.663
7 126.065
8 129.644
9 110.900
10 121.277
11 109.420
12 126.308
13 124.240
14 109.859
15 118.752
16 116.176
17 112.271
18 115.657
19 124.884
20 125.295
21 115.840
22 115.875
23 121.679
24 119.618
25 117.979
26 125.857
27 117.979
28 116.912
29 122.752
30 120.345
31 123.473
32 120.192
33 120.986
34 123.054
35 118.487
36 121.796
37 115.869
38 108.737
39 121.317
40 128.716
41 107.871
42 120.920
43 131.700
44 115.157
45 120.648
46 128.879
47 125.489
48 120.413
49 103.721
50 123.640
51 111.724
52 131.802
53 118.152
54 123.691
55 124.680
#56 134.228
