LCPOSASAPARAMETERS
        #    Residue      Atom     Neighbors     Radius                  P1          P2           P3         P4
	ALA      N  3    	1.6500    	  4.1102e-01 -1.2254e-01 -7.5448e-05 1.1804e-04 
	ALA    CA    4          1.7000   	  2.3348e-01 -7.2627e-02 -2.0079e-04 7.9670e-05 
	ALA     C    3          1.7000   	  7.0344e-02 -1.9015e-02 -2.2009e-05 1.6875e-05  
	ALA     O    1          1.6000   	  6.8563e-01 -1.8680e-01 -1.35573e-03 2.3743e-04  
	ALA    CB    4          1.7000   	  7.7887e-01 -2.8063e-01 -1.2968e-03 3.9328e-04 
	ASP      N  3    	1.6500    	  4.1102e-01 -1.2254e-01 -7.5448e-05 1.1804e-04 
	ASP    CA    4          1.7000   	  2.3348e-01 -7.2627e-02 -2.0079e-04 7.9670e-05 
	ASP     C    3          1.7000   	  7.0344e-02 -1.9015e-02 -2.2009e-05 1.6875e-05  
	ASP     O    1          1.6000   	  6.8563e-01 -1.8680e-01 -1.35573e-03 2.3743e-04    
	ASP    CB    4          1.7000   	  5.6482e-01 -1.9608e-01 -1.0219e-03 2.6580e-04
	ASP   CG    3          1.7000   	  7.0344e-02 -1.9015e-02 -2.2009e-05 1.6875e-05
	ASP   OD1   1    	1.6000    	  7.7914e-01 -2.5262e-01 -1.6056e-03 3.5071e-04 
	ASP   OD2   1    	1.6000    	  7.7914e-01 -2.5262e-01 -1.6056e-03 3.5071e-04 
	ASN      N  3    	1.6500    	  4.1102e-01 -1.2254e-01 -7.5448e-05 1.1804e-04
	ASN    CA    4          1.7000   	  2.3348e-01 -7.2627e-02 -2.0079e-04 7.9670e-05 
	ASN     C    3          1.7000   	  7.0344e-02 -1.9015e-02 -2.2009e-05 1.6875e-05  
	ASN     O    1          1.6000   	  6.8563e-01 -1.8680e-01 -1.35573e-03 2.3743e-04   
	ASN    CB    4          1.7000   	  5.6482e-01 -1.9608e-01 -1.0219e-03 2.6580e-04  
	ASN   CG    3          1.7000   	  7.0344e-02 -1.9015e-02 -2.2009e-05 1.6875e-05  
	ASN   OD1   1    	1.6000    	  6.8563e-01 -1.8680e-01 -1.35573e-03 2.3743e-04  
	ASN    ND2  3    	1.6500    	  7.3511e-01 -2.2116e-01 -8.9148e-04 2.5230e-04 
	ARG      N  3    	1.6500    	  4.1102e-01 -1.2254e-01 -7.5448e-05 1.1804e-04 
	ARG    CA    4          1.7000   	  2.3348e-01 -7.2627e-02 -2.0079e-04 7.9670e-05 
	ARG     C    3          1.7000   	  7.0344e-02 -1.9015e-02 -2.2009e-05 1.6875e-05  
	ARG     O    1          1.6000   	  6.8563e-01 -1.8680e-01 -1.35573e-03 2.3743e-04   
	ARG    CB    4          1.7000   	  5.6482e-01 -1.9608e-01 -1.0219e-03 2.6580e-04  
	ARG    CG    4          1.7000   	  5.6482e-01 -1.9608e-01 -1.0219e-03 2.6580e-04  
	ARG    CD    4          1.7000   	  5.6482e-01 -1.9608e-01 -1.0219e-03 2.6580e-04  
	ARG   NE   2    	1.6500    	  4.1102e-01 -1.2254e-01 -7.5448e-05 1.1804e-04  
	ARG   NH1   2    	1.6500    	  7.3511e-01 -2.2116e-01 -8.9148e-04 2.5230e-04  
	ARG   NH2   2    	1.6500    	  7.3511e-01 -2.2116e-01 -8.9148e-04 2.5230e-04 
	ARG   CZ    3          1.7000   	  7.0344e-02 -1.9015e-02 -2.2009e-05 1.6875e-05   
	CYS      N  3    	1.6500    	  4.1102e-01 -1.2254e-01 -7.5448e-05 1.1804e-04 
	CYS    CA    4          1.7000   	  2.3348e-01 -7.2627e-02 -2.0079e-04 7.9670e-05 
	CYS     C    3          1.7000   	  7.0344e-02 -1.9015e-02 -2.2009e-05 1.6875e-05  
	CYS     O    1          1.6000   	  6.8563e-01 -1.8680e-01 -1.35573e-03 2.3743e-04   
	CYS    CB    4          1.7000   	  5.6482e-01 -1.9608e-01 -1.0219e-03 2.6580e-04  
	CYS   SG   1    	1.9000    	  5.4581e-01 -1.9477e-01 -1.2873e-03 2.9247e-04 
	GLU      N  3    	1.6500    	  4.1102e-01 -1.2254e-01 -7.5448e-05 1.1804e-04 
	GLU    CA    4          1.7000   	  2.3348e-01 -7.2627e-02 -2.0079e-04 7.9670e-05 
	GLU     C    3          1.7000   	  7.0344e-02 -1.9015e-02 -2.2009e-05 1.6875e-05  
	GLU     O    1          1.6000   	  6.8563e-01 -1.8680e-01 -1.35573e-03 2.3743e-04    
	GLU   CB    4          1.7000   	  5.6482e-01 -1.9608e-01 -1.0219e-03 2.6580e-04
	GLU   CG    4          1.7000   	  5.6482e-01 -1.9608e-01 -1.0219e-03 2.6580e-04 
	GLU   CD    3          1.7000   	  7.0344e-02 -1.9015e-02 -2.2009e-05 1.6875e-05  
	GLU   OE1   1    	1.6000    	  7.7914e-01 -2.5262e-01 -1.6056e-03 3.5071e-04 
	GLU   OE2   1    	1.6000    	  7.7914e-01 -2.5262e-01 -1.6056e-03 3.5071e-04 
	GLN      N  3    	1.6500    	  4.1102e-01 -1.2254e-01 -7.5448e-05 1.1804e-04 
	GLN    CA    4          1.7000   	  2.3348e-01 -7.2627e-02 -2.0079e-04 7.9670e-05 
	GLN     C    3          1.7000   	  7.0344e-02 -1.9015e-02 -2.2009e-05 1.6875e-05  
	GLN     O    1          1.6000   	  6.8563e-01 -1.8680e-01 -1.35573e-03 2.3743e-04    
	GLN   CB    4          1.7000   	  5.6482e-01 -1.9608e-01 -1.0219e-03 2.6580e-04 
	GLN   CG    4          1.7000   	  5.6482e-01 -1.9608e-01 -1.0219e-03 2.6580e-04 
	GLN   CD    3          1.7000   	  7.0344e-02 -1.9015e-02 -2.2009e-05 1.6875e-05  
	GLN   OE1   1    	1.6000    	  6.8563e-01 -1.8680e-01 -1.35573e-03 2.3743e-04  
	GLN   NE2  3    	1.6500    	  7.3511e-01 -2.2116e-01 -8.9148e-04 2.5230e-04
	GLY      N  3    	1.6500    	  4.1102e-01 -1.2254e-01 -7.5448e-05 1.1804e-04 
	GLY    CA    4          1.7000   	  5.6482e-01 -1.9608e-01 -1.0219e-03 2.6580e-04 
	GLY     C    3          1.7000   	  7.0344e-02 -1.9015e-02 -2.2009e-05 1.6875e-05  
	GLY     O    1          1.6000   	  6.8563e-01 -1.8680e-01 -1.35573e-03 2.3743e-04     
	HIS      N  3    	1.6500    	  4.1102e-01 -1.2254e-01 -7.5448e-05 1.1804e-04
	HIS    CA    4          1.7000   	  2.3348e-01 -7.2627e-02 -2.0079e-04 7.9670e-05 
	HIS     C    3          1.7000   	  7.0344e-02 -1.9015e-02 -2.2009e-05 1.6875e-05  
	HIS     O    1          1.6000   	  6.8563e-01 -1.8680e-01 -1.35573e-03 2.3743e-04  
	HIS    CB    4          1.7000   	  5.6482e-01 -1.9608e-01 -1.0219e-03 2.6580e-04 
	HIS   CG    3          1.7000   	  7.0344e-02 -1.9015e-02 -2.2009e-05 1.6875e-05 
	HIS   ND1   2    	1.6500    	  4.1102e-01 -1.2254e-01 -7.5448e-05 1.1804e-04  
	HIS   CE1    3          1.7000   	  5.1245e-01 -1.5966e-01 -1.9781e-04 1.6392e-04 
	HIS   NE2   2    	1.6500    	  4.1102e-01 -1.2254e-01 -7.5448e-05 1.1804e-04 
 	HIS   CD2    3          1.7000   	  5.1245e-01 -1.5966e-01 -1.9781e-04 1.6392e-04  
	ILE      N  3    	1.6500    	  4.1102e-01 -1.2254e-01 -7.5448e-05 1.1804e-04 
	ILE    CA    4          1.7000   	  2.3348e-01 -7.2627e-02 -2.0079e-04 7.9670e-05 
	ILE     C    3          1.7000   	  7.0344e-02 -1.9015e-02 -2.2009e-05 1.6875e-05  
	ILE     O    1          1.6000   	  6.8563e-01 -1.8680e-01 -1.35573e-03 2.3743e-04    
	ILE    CB    4          1.7000   	  2.3348e-01 -7.2627e-02 -2.0079e-04 7.9670e-05 
	ILE    CG2    4          1.7000   	  7.7887e-01 -2.8063e-01 -1.2968e-03 3.9328e-04 
	ILE    CG1    4          1.7000   	  5.6482e-01 -1.9608e-01 -1.0219e-03 2.6580e-04 
	ILE    CD1   4          1.7000   	  7.7887e-01 -2.8063e-01 -1.2968e-03 3.9328e-04 
	LEU      N  3    	1.6500    	  4.1102e-01 -1.2254e-01 -7.5448e-05 1.1804e-04 
	LEU    CA    4          1.7000   	  2.3348e-01 -7.2627e-02 -2.0079e-04 7.9670e-05 
	LEU     C    3          1.7000   	  7.0344e-02 -1.9015e-02 -2.2009e-05 1.6875e-05  
	LEU     O    1          1.6000   	 6.8563e-01 -1.8680e-01 -1.35573e-03 2.3743e-04   
	LEU    CB    4          1.7000   	  5.6482e-01 -1.9608e-01 -1.0219e-03 2.6580e-04 
	LEU    CG    4          1.7000   	  2.3348e-01 -7.2627e-02 -2.0079e-04 7.9670e-05 
	LEU    CD1    4          1.7000   	  7.7887e-01 -2.8063e-01 -1.2968e-03 3.9328e-04  
	LEU    CD2    4          1.7000   	  7.7887e-01 -2.8063e-01 -1.2968e-03 3.9328e-04  
	LYS      N  3    	1.6500    	  4.1102e-01 -1.2254e-01 -7.5448e-05 1.1804e-04 
	LYS    CA    4          1.7000   	  2.3348e-01 -7.2627e-02 -2.0079e-04 7.9670e-05 
	LYS     C    3          1.7000   	  7.0344e-02 -1.9015e-02 -2.2009e-05 1.6875e-05  
	LYS     O    1          1.6000   	 6.8563e-01 -1.8680e-01 -1.35573e-03 2.3743e-04   
	LYS    CB    4          1.7000   	  5.6482e-01 -1.9608e-01 -1.0219e-03 2.6580e-04 
	LYS    CG    4          1.7000   	  5.6482e-01 -1.9608e-01 -1.0219e-03 2.6580e-04 
	LYS    CD    4          1.7000   	  5.6482e-01 -1.9608e-01 -1.0219e-03 2.6580e-04 
	LYS    CE    4          1.7000   	  5.6482e-01 -1.9608e-01 -1.0219e-03 2.6580e-04 
        LYS    NZ  1    	1.6500    	  7.3511e-01 -2.2116e-01 -8.9148e-04 2.5230e-04
	MET      N  3    	1.6500    	  4.1102e-01 -1.2254e-01 -7.5448e-05 1.1804e-04 
	MET    CA    4          1.7000   	  2.3348e-01 -7.2627e-02 -2.0079e-04 7.9670e-05 
	MET     C    3          1.7000   	  7.0344e-02 -1.9015e-02 -2.2009e-05 1.6875e-05  
	MET     O    1          1.6000   	  6.8563e-01 -1.8680e-01 -1.35573e-03 2.3743e-04    
	MET    CB    4          1.7000   	  5.6482e-01 -1.9608e-01 -1.0219e-03 2.6580e-04 
	MET    CG    4          1.7000   	  5.6482e-01 -1.9608e-01 -1.0219e-03 2.6580e-04 
	MET   SD   2    	1.9000    	  5.4581e-01 -1.9477e-01 -1.2873e-03 2.9247e-04
	MET    CE    4          1.7000   	  7.7887e-01 -2.8063e-01 -1.2968e-03 3.9328e-04
	PHE      N  3    	1.6500    	  4.1102e-01 -1.2254e-01 -7.5448e-05 1.1804e-04 
	PHE    CA    4          1.7000   	  2.3348e-01 -7.2627e-02 -2.0079e-04 7.9670e-05 
	PHE     C    3          1.7000   	  7.0344e-02 -1.9015e-02 -2.2009e-05 1.6875e-05  
	PHE     O    1          1.6000   	 6.8563e-01 -1.8680e-01 -1.35573e-03 2.3743e-04    
	PHE    CB    4          1.7000   	  5.6482e-01 -1.9608e-01 -1.0219e-03 2.6580e-04 
	PHE    CG    3          1.7000   	  7.0344e-02 -1.9015e-02 -2.2009e-05 1.6875e-05  
	PHE    CD1    3          1.7000   	  5.1245e-01 -1.5966e-01 -1.9781e-04 1.6392e-04 
	PHE    CE1    3          1.7000   	  5.1245e-01 -1.5966e-01 -1.9781e-04 1.6392e-04 
	PHE    CZ    3          1.7000   	  5.1245e-01 -1.5966e-01 -1.9781e-04 1.6392e-04
	PHE    CE2    3          1.7000   	  5.1245e-01 -1.5966e-01 -1.9781e-04 1.6392e-04 
	PHE    CD2   3          1.7000   	  5.1245e-01 -1.5966e-01 -1.9781e-04 1.6392e-04       
	PRO      N  3    	1.6500    	  4.1102e-01 -1.2254e-01 -7.5448e-05 1.1804e-04 
	PRO    CA    4          1.7000   	  2.3348e-01 -7.2627e-02 -2.0079e-04 7.9670e-05 
	PRO     C    3          1.7000   	  7.0344e-02 -1.9015e-02 -2.2009e-05 1.6875e-05  
	PRO     O    1          1.6000   	 6.8563e-01 -1.8680e-01 -1.35573e-03 2.3743e-04  
	PRO    CB    4          1.7000   	  5.6482e-01 -1.9608e-01 -1.0219e-03 2.6580e-04 
	PRO    CG    4          1.7000   	  5.6482e-01 -1.9608e-01 -1.0219e-03 2.6580e-04 
	PRO    CD    4          1.7000   	  5.6482e-01 -1.9608e-01 -1.0219e-03 2.6580e-04 
	SER      N  3    	1.6500    	  4.1102e-01 -1.2254e-01 -7.5448e-05 1.1804e-04 
	SER    CA    4          1.7000   	  2.3348e-01 -7.2627e-02 -2.0079e-04 7.9670e-05 
	SER     C    3          1.7000   	  7.0344e-02 -1.9015e-02 -2.2009e-05 1.6875e-05  
	SER     O    1          1.6000   	  6.8563e-01 -1.8680e-01 -1.35573e-03 2.3743e-04  
	SER    CB    4          1.7000   	  5.6482e-01 -1.9608e-01 -1.0219e-03 2.6580e-04 
	SER    OG   1    	1.6000    	  7.7914e-01 -2.5262e-01 -1.6056e-03 3.5071e-04 
	THR      N  3    	1.6500    	  4.1102e-01 -1.2254e-01 -7.5448e-05 1.1804e-04 
	THR    CA    4          1.7000   	  2.3348e-01 -7.2627e-02 -2.0079e-04 7.9670e-05
	THR     C    3          1.7000   	  7.0344e-02 -1.9015e-02 -2.2009e-05 1.6875e-05  
	THR     O    1          1.6000   	  6.8563e-01 -1.8680e-01 -1.35573e-03 2.3743e-04  
	THR    CB    4          1.7000   	  2.3348e-01 -7.2627e-02 -2.0079e-04 7.9670e-05 
	THR    CG2    4          1.7000   	  7.7887e-01 -2.8063e-01 -1.2968e-03 3.9328e-04 
	THR    OG1   1    	1.6000    	  7.7914e-01 -2.5262e-01 -1.6056e-03 3.5071e-04 
	TRP      N  3    	1.6500    	  4.1102e-01 -1.2254e-01 -7.5448e-05 1.1804e-04 
	TRP    CA    4          1.7000   	  2.3348e-01 -7.2627e-02 -2.0079e-04 7.9670e-05 
	TRP     C    3          1.7000   	  7.0344e-02 -1.9015e-02 -2.2009e-05 1.6875e-05  
	TRP     O    1          1.6000   	 6.8563e-01 -1.8680e-01 -1.35573e-03 2.3743e-04    
	TRP    CB    4          1.7000   	  5.6482e-01 -1.9608e-01 -1.0219e-03 2.6580e-04 
	TRP   CG    3          1.7000   	  7.0344e-02 -1.9015e-02 -2.2009e-05 1.6875e-05 
	TRP   CD1    3          1.7000   	  5.1245e-01 -1.5966e-01 -1.9781e-04 1.6392e-04 
	TRP   NE1   2    	1.6500    	  4.1102e-01 -1.2254e-01 -7.5448e-05 1.1804e-04  
	TRP   CE2    3          1.7000   	  7.0344e-02 -1.9015e-02 -2.2009e-05 1.6875e-05 
	TRP   CZ2    3          1.7000   	  5.1245e-01 -1.5966e-01 -1.9781e-04 1.6392e-04 
	TRP   CH2    3          1.7000   	  5.1245e-01 -1.5966e-01 -1.9781e-04 1.6392e-04 
	TRP   CZ3    3          1.7000   	  5.1245e-01 -1.5966e-01 -1.9781e-04 1.6392e-04 
	TRP   CE3    3          1.7000   	  5.1245e-01 -1.5966e-01 -1.9781e-04 1.6392e-04 
	TRP   CD2    3          1.7000   	  7.0344e-02 -1.9015e-02 -2.2009e-05 1.6875e-05 
	TYR      N  3    	1.6500    	  6.2577e-02 -1.7874e-02 -8.3120e-05 1.9849e-05 
	TYR    CA    4          1.7000   	  2.3348e-01 -7.2627e-02 -2.0079e-04 7.9670e-05 
	TYR     C    3          1.7000   	  7.0344e-02 -1.9015e-02 -2.2009e-05 1.6875e-05  
	TYR     O    1          1.6000   	 6.8563e-01 -1.8680e-01 -1.35573e-03 2.3743e-04  
	TYR    CB    4          1.7000   	  5.6482e-01 -1.9608e-01 -1.0219e-03 2.6580e-04 
	TYR    CG    3          1.7000   	  7.0344e-02 -1.9015e-02 -2.2009e-05 1.6875e-05  
	TYR    CD1    3          1.7000   	  5.1245e-01 -1.5966e-01 -1.9781e-04 1.6392e-04  
	TYR    CE1    3          1.7000   	  5.1245e-01 -1.5966e-01 -1.9781e-04 1.6392e-04 
	TYR    CZ    3          1.7000   	  7.0344e-02 -1.9015e-02 -2.2009e-05 1.6875e-05 
	TYR   OH   1    	1.6000    	  7.7914e-01 -2.5262e-01 -1.6056e-03 3.5071e-04  
	TYR    CE2    3          1.7000   	  5.1245e-01 -1.5966e-01 -1.9781e-04 1.6392e-04 
	TYR    CD2    3          1.7000   	  5.1245e-01 -1.5966e-01 -1.9781e-04 1.6392e-04  
	VAL      N  3    	1.6500    	  6.2577e-02 -1.7874e-02 -8.3120e-05 1.9849e-05 
	VAL    CA    4          1.7000   	  2.3348e-01 -7.2627e-02 -2.0079e-04 7.9670e-05
	VAL     C    3          1.7000   	  7.0344e-02 -1.9015e-02 -2.2009e-05 1.6875e-05  
	VAL     O    1          1.6000   	6.8563e-01 -1.8680e-01 -1.35573e-03 2.3743e-04  
	VAL    CB    4          1.7000   	  2.3348e-01 -7.2627e-02 -2.0079e-04 7.9670e-05 
	VAL    CG1    4          1.7000   	  7.7887e-01 -2.8063e-01 -1.2968e-03 3.9328e-04
	VAL    CG2   4          1.7000   	  7.7887e-01 -2.8063e-01 -1.2968e-03 3.9328e-04  
