#1 0
2 174.318
3 174.694
4 172.776
5 174.600
6 174.369
7 175.006
8 175.510
9 173.580
10 178.912
11 173.699
12 173.382
13 176.374
14 171.135
15 175.403
16 172.088
17 173.837
18 171.114
19 175.861
20 177.373
21 174.903
22 174.746
23 179.333
24 179.235
25 176.973
26 176.999
27 177.664
28 179.538
29 181.605
30 178.311
31 179.439
32 177.039
33 178.917
34 179.337
35 179.291
36 177.046
37 173.958
38 174.142
39 174.237
40 174.307
41 171.933
42 176.889
43 176.927
44 172.767
45 173.193
46 174.450
47 178.094
48 179.887
49 175.205
50 175.020
51 174.959
52 174.335
53 172.433
54 173.045
55 174.197
#56 0
