#1 29.320
2 30.865
3 43.823
4 36.213
5 42.783
6 32.881
7 39.205
8 38.291
9 0
10 33.107
11 69.960
12 43.517
13 34.972
14 0
15 33.979
16 69.649
17 73.324
18 70.215
19 33.982
20 23.994
21 32.351
22 42.342
23 17.649
24 29.301
25 68.130
26 17.438
27 29.331
28 32.394
29 17.637
30 37.601
31 31.789
32 28.306
33 38.842
34 17.879
35 39.135
36 40.196
37 40.196
38 0
39 33.474
40 43.289
41 0
42 33.597
43 30.348
44 72.320
45 41.749
46 43.296
47 42.266
48 18.459
49 70.193
50 28.774
51 72.276
52 42.793
53 71.221
54 32.449
55 70.915
#56 32.947
